102
104
108
109
112
130
147
152
153
168
173
176
182
189
193
203
213
218
223
228
232
237
239
249
250
256
264
269
270
271
276
277
282
290
291
304
308
318
322
323
328
336
342
348
357
365
368
369
370
379
384
386
390
391
394
404
406
411
413
418
422
426
428
430
436
438
442
446
447
448
451
454
455
456
469
471
478
480
481
487
489
492
493
495
503
505
509
511
512
514
516
518
520
521
526
527
529
536
554
555
559
572
574
586
589
592
594
597
600
606
608
612
629
631
648
650
652
653
655
665
673
681
687
703
714
731
733
735
748
753
755
758
767
771
796
800
804
813
817
819
822
825
826
829
832
846
866
868
892
893
898
903
906
907
910
913
918
919
924
930
935
936
937
941
944
958
960
963
973
982
991
992
999
1004
1005
1006
1009
1011
1015
1017
1021
1023
1035
1037
1039
1041
1046
1086
1108
1109
1114
1124
1125
1133
1145
1146
1150
1156
1177
1184
1186
1192
1202
1206
1212
1217
1218
1220
1223
1229
1232
1236
1241
1245
1258
1261
1263
1267
1271
1274
1277
1280
1281
1298
1300
1312
1317
1320
1326
1327
1329
1332
1334
1335
1338
1340
1360
1361
1362
1367
1369
1375
1376
1377
1381
1385
1388
1389
1392